#name longitude/X latitude/Y height/Z roll pitch yaw
#seconds_offset: 0
1.JPG 0.7367971 41.7931361 48.7 -3.57 -16.25 265.31
2.JPG 0.7363751 41.7931382 49.85 -9.19 -16.41 292.99
3.JPG 0.7362274 41.793277 49.84 -5.74 -0.16 48.3
4.JPG 0.7362333 41.7936636 50.02 -3.44 -13.15 346.86
5.JPG 0.7361431 41.7939828 50.09 -5.6 -14.82 349.14
6.JPG 0.7360556 41.7941813 49.75 0.11 -10.67 299.96
7.JPG 0.7354334 41.7939217 50.0 3.28 -18.37 228.56
8.JPG 0.7351039 41.7937095 50.04 4.31 -20.06 226.68
9.JPG 0.7348838 41.7935719 49.92 3.42 -13.81 214.03
